10
4
20 40
160 50
110 80
70 20
4
800 13
250 41
1000 74
630 79
6
290 99
220 50
190 29
880 51
230 99
170 91
8
180 42
650 41
970 3
550 100
160 79
740 10
170 85
980 31
10
920 92
440 32
70 5
830 88
430 50
460 19
500 19
260 73
580 94
840 1
20
470 56
20 91
160 97
550 88
240 55
470 57
30 14
200 98
520 66
990 68
750 21
390 3
930 53
940 17
960 37
450 54
830 66
470 1
810 75
600 59
40
320 33
80 13
10 44
40 75
80 88
920 24
520 40
630 92
910 90
980 43
180 27
80 16
180 73
650 85
10 44
880 52
460 74
30 24
530 40
440 72
890 70
850 97
610 33
930 99
500 67
490 58
880 7
770 37
820 64
70 17
140 87
510 89
210 62
420 37
280 79
320 54
620 11
470 79
660 70
520 8
60
950 95
10 64
380 26
450 42
310 14
40 29
970 36
300 84
750 26
650 4
470 6
680 17
500 34
620 72
850 94
870 82
810 90
530 88
580 8
890 32
350 46
880 84
680 8
980 88
780 22
520 31
110 33
630 92
20 81
860 74
570 92
570 53
580 62
370 60
880 42
610 43
130 95
530 22
380 17
320 17
980 93
50 94
240 98
860 29
300 7
160 76
400 47
430 95
200 84
230 66
540 14
230 15
1000 60
10 25
540 18
870 48
220 83
350 55
80 59
570 23
80
450 41
890 76
420 84
800 13
650 93
540 18
430 89
180 30
510 6
690 48
950 84
140 77
680 31
180 11
430 88
410 72
430 92
80 66
570 18
660 32
830 42
460 36
580 28
660 33
450 75
660 59
280 62
340 52
560 95
750 52
410 81
350 11
40 97
950 31
320 82
80 100
460 2
960 67
650 7
190 36
110 58
630 64
880 31
200 84
930 3
340 75
930 56
700 59
460 25
50 6
940 65
150 78
490 3
860 82
90 9
380 31
900 92
560 56
70 27
240 84
870 82
530 87
510 24
30 47
540 59
960 35
500 61
650 62
640 42
230 36
20 26
630 88
830 67
860 55
960 94
370 100
730 46
580 30
880 93
420 20
100
170 73
310 62
940 69
580 93
910 89
350 71
450 4
930 25
340 42
250 19
150 67
560 52
880 93
340 42
820 98
860 84
210 82
160 44
290 15
420 70
560 2
950 94
690 67
710 15
420 90
850 39
720 81
250 97
140 21
220 41
770 74
330 71
290 93
280 31
840 49
10 78
930 37
820 10
470 6
40 10
70 6
920 68
130 47
870 97
940 5
760 89
880 36
940 7
1000 73
1000 49
120 57
720 77
590 41
330 47
880 88
560 35
770 13
150 24
840 57
20 56
890 52
540 41
30 75
230 67
630 56
870 35
140 51
750 14
800 74
790 84
530 32
640 32
10 87
440 23
580 30
860 88
80 48
110 18
990 19
260 100
800 71
670 73
80 23
670 30
250 100
550 37
280 29
930 25
50 100
40 31
210 80
840 48
50 63
210 13
210 57
290 8
400 4
730 53
240 37
280 2
