30
2 1 1
72 46
100 48
1 2
67 23 36 26
2 1 1
97 61
92 65
2 1
29 85 62 9
2 1 1
97 67
60 43
1 2
95 62 9 68
2 1 1
63 55
44 35
2 1
13 61 13 78
2 1 1
48 66
86 84
1 2
16 16 89 97
2 1 1
53 50
33 91
2 1
56 62 28 16
2 1 1
37 38
39 93
2 1
79 39 65 51
2 1 1
69 54
59 62
2 1
75 36 50 50
2 1 1
44 58
37 85
2 1
76 18 67 68
2 1 1
63 66
93 43
1 2
44 83 75 90
5 8 6
11 23
56 65
41 59
89 92
56 25
3 4
2 5
3 1
2 3
1 5
4 2
2 1
4 5
69 22 19 45
54 31 4 98
38 86 28 19
11 63 64 82
99 58 41 97
56 1 41 71
5 8 7
83 78
85 60
65 34
64 56
40 54
4 3
5 4
5 3
1 3
4 2
1 5
2 5
1 4
46 66 93 19
70 77 88 42
93 62 59 79
28 17 68 71
77 57 23 75
82 72 75 71
95 31 68 19
5 5 4
57 73
91 27
20 12
66 90
87 49
2 1
2 3
1 5
4 3
1 3
20 43 18 85
65 96 75 97
45 66 99 62
73 65 87 9
5 10 9
56 13
94 44
55 59
81 27
62 85
3 4
3 2
1 3
2 1
4 2
5 3
4 5
4 1
5 2
1 5
95 62 37 14
63 14 41 37
84 77 90 92
83 32 50 65
91 49 100 13
15 22 78 57
28 18 77 9
21 55 53 96
18 94 28 40
5 8 5
88 38
35 77
90 39
72 71
66 31
4 5
5 3
5 1
2 1
3 1
4 2
4 1
5 2
40 97 76 92
27 63 82 84
69 19 23 12
53 53 48 59
75 81 91 34
5 9 10
83 45
96 44
27 75
72 67
43 51
1 3
4 3
2 5
1 4
2 1
3 2
5 3
2 4
4 5
97 3 96 95
49 78 13 32
10 35 56 48
14 90 77 22
42 3 21 32
24 38 53 40
20 10 93 28
67 64 64 39
44 28 77 67
7 10 98 96
5 8 8
70 52
64 96
25 89
98 62
85 33
4 5
4 2
3 4
3 5
5 1
5 2
3 1
1 2
15 95 13 51
16 39 3 99
16 55 16 84
93 97 88 27
74 23 72 71
38 7 39 2
98 46 20 89
52 40 30 28
5 4 10
29 93
51 73
75 41
72 28
48 99
5 2
3 1
3 2
4 3
54 66 76 22
94 82 69 19
93 80 67 57
40 59 8 98
30 67 95 55
13 91 69 56
72 70 84 74
46 1 47 18
34 19 50 9
71 41 95 66
5 10 4
63 69
96 48
39 38
29 58
84 42
1 3
5 4
5 3
4 3
4 2
2 5
1 2
1 5
2 3
1 4
54 44 63 14
24 68 88 77
8 13 1 55
99 86 34 62
5 9 5
100 65
76 72
78 88
66 41
73 29
1 5
5 3
4 2
1 4
4 5
3 1
2 3
4 3
1 2
31 65 41 77
82 94 79 64
54 90 20 77
2 54 53 34
70 34 21 23
20 51 77
67 60
66 36
89 83
22 46
57 66
30 90
13 90
53 34
61 82
78 83
67 84
94 27
71 37
20 31
29 87
76 94
85 81
66 30
62 29
85 87
6 14
7 3
2 12
15 8
7 1
16 5
3 8
5 8
15 4
8 17
8 7
6 20
17 6
16 6
3 16
19 4
3 18
4 16
1 16
4 6
14 3
14 1
6 8
13 10
13 2
13 12
11 20
16 20
4 11
19 6
3 11
14 5
11 16
19 8
7 11
5 17
17 1
11 19
11 17
17 15
11 1
6 5
15 11
18 16
5 3
20 15
18 1
13 9
19 1
16 15
6 18
24 99 24 78
60 69 58 51
64 11 19 99
23 74 36 73
45 52 97 16
8 13 20 46
66 85 93 3
98 82 2 74
32 25 57 31
99 6 77 36
84 99 98 48
26 46 69 46
93 48 66 78
74 2 60 40
40 51 67 1
99 21 99 58
17 96 78 67
33 39 32 53
74 80 6 20
42 50 17 48
47 42 100 9
97 65 87 73
91 84 45 50
59 90 9 23
18 48 76 61
34 79 72 67
31 56 24 26
76 99 4 69
55 22 54 17
39 28 56 50
55 86 16 92
8 76 3 54
5 71 4 84
67 69 96 91
35 38 44 39
28 17 52 5
56 71 51 13
2 71 89 52
81 42 47 66
48 99 73 75
24 52 60 24
59 37 33 55
4 15 12 23
36 16 74 89
80 9 8 75
66 3 58 73
85 25 72 93
23 64 93 19
44 50 12 13
41 1 92 53
21 20 44 77
100 18 77 25
86 48 87 57
59 42 3 81
1 16 26 91
96 87 83 54
27 18 100 25
51 2 1 95
69 54 34 84
20 99 91 34
56 54 63 65
55 43 97 35
10 69 38 40
91 60 48 18
1 57 3 3
33 69 61 73
20 53 54 20
92 53 71 50
67 45 41 94
43 9 97 6
64 31 7 41
41 91 77 14
92 96 21 28
1 57 2 53
39 73 74 63
58 84 92 55
35 85 77 66
20 41 88
26 91
45 76
83 55
69 31
85 24
73 92
18 52
25 61
57 69
2 64
69 92
85 95
70 83
20 34
87 94
55 90
36 72
83 31
93 91
53 76
13 8
14 15
2 14
15 13
2 15
11 7
18 15
15 7
9 17
16 9
3 10
6 5
12 20
11 13
18 2
3 20
7 5
5 15
13 14
6 14
11 6
8 11
9 19
5 14
2 8
8 18
2 11
15 8
2 13
8 14
12 3
11 1
14 11
14 18
7 2
8 5
1 6
1 2
8 7
13 6
6 8
82 68 64 24
51 63 35 47
34 94 77 96
58 85 44 82
93 76 23 58
65 7 6 92
86 94 7 7
76 65 44 34
9 22 7 41
46 66 20 21
81 95 67 73
51 34 87 10
97 15 38 100
88 43 64 84
78 47 19 39
53 10 20 65
98 89 86 14
94 15 76 74
90 58 7 49
12 80 39 51
19 53 83 66
21 48 55 26
95 13 9 38
9 23 50 43
76 89 36 26
31 3 91 98
57 40 40 16
54 15 37 91
35 57 16 78
10 39 83 98
32 66 18 4
6 43 44 21
41 54 6 13
58 18 31 97
43 68 57 78
65 82 48 60
45 57 46 65
97 75 41 57
36 38 25 28
90 1 31 32
26 48 98 24
79 9 45 31
27 32 20 48
41 95 16 78
9 87 36 49
23 26 89 99
46 32 33 38
70 79 71 48
47 17 66 64
11 64 24 33
39 70 72 71
51 20 53 29
74 89 45 72
51 36 83 81
31 40 36 67
76 81 98 6
19 68 57 82
63 51 27 21
1 73 60 96
30 86 55 54
5 19 55 52
23 83 41 96
90 74 16 18
26 64 31 44
42 56 94 19
91 18 58 81
7 14 68 55
53 67 54 39
25 27 8 19
22 92 33 65
57 29 56 5
36 25 2 19
81 48 82 13
98 63 4 95
48 47 61 13
89 46 13 45
80 12 84 41
41 47 82 57
38 3 77 71
57 64 49 51
70 13 46 53
69 9 50 30
20 36 65 6
24 81 5 97
98 72 11 57
57 71 43 8
75 90 76 62
10 7 94 39
20 80 84
72 60
77 55
78 53
88 57
82 47
89 52
74 97
44 39
46 84
72 80
82 73
75 53
79 65
68 80
70 46
55 87
67 91
9 32
16 28
24 88
10 16
12 4
16 18
14 2
13 14
16 5
18 4
9 15
18 9
1 6
5 3
5 18
13 3
5 13
9 13
11 8
8 5
15 14
2 18
19 16
9 14
16 15
19 10
11 3
15 12
15 10
13 16
4 15
13 15
10 12
16 12
8 15
1 7
3 10
15 19
19 13
8 3
19 2
13 2
10 8
12 2
19 8
18 11
6 7
13 10
5 4
15 18
5 11
5 12
14 5
19 14
10 14
11 14
4 3
8 9
10 4
16 11
4 11
10 18
12 13
20 17
14 3
3 2
2 8
14 16
3 19
19 11
3 9
18 8
14 12
10 5
13 8
2 4
13 4
14 18
4 19
9 11
11 13
14 8
16 9
11 81 99 13
75 54 26 49
34 59 27 34
43 31 43 49
9 8 16 5
94 74 75 68
12 6 45 64
81 42 6 74
15 43 92 16
100 31 69 36
69 90 41 5
18 92 15 40
91 98 64 99
93 28 57 76
28 56 23 93
14 44 81 44
10 12 70 37
7 42 99 48
95 68 64 68
2 87 49 16
3 92 81 30
68 82 49 97
48 70 10 65
12 62 64 20
11 26 80 38
77 8 41 63
65 64 66 1
87 89 80 56
11 67 32 100
2 9 3 41
93 53 89 61
24 71 46 15
23 94 96 42
4 60 16 20
65 90 30 17
51 15 27 49
40 71 87 89
28 59 79 90
6 89 19 57
16 88 67 63
23 18 8 40
44 66 75 52
78 72 79 83
28 10 19 45
58 8 26 90
30 96 5 43
36 38 51 76
94 56 92 48
57 84 94 1
76 75 72 29
88 50 59 26
73 86 73 10
6 33 46 74
1 35 45 26
7 19 81 25
38 14 66 26
9 22 35 7
69 65 67 39
74 17 94 2
8 8 97 41
3 92 51 25
76 62 41 54
27 10 88 9
77 20 50 98
29 10 78 75
74 22 35 58
31 23 25 34
72 17 40 20
45 9 54 29
51 26 12 29
36 71 99 37
78 98 100 92
19 99 21 2
22 51 44 95
70 71 62 33
68 55 55 26
34 72 54 3
36 28 16 30
97 94 45 27
55 40 52 79
27 56 75 62
90 88 4 88
6 70 93 18
93 12 87 97
20 50 93
53 57
71 47
97 66
84 58
48 58
83 64
60 67
94 81
59 94
19 100
79 82
58 75
60 58
91 71
41 100
87 86
42 56
77 95
17 57
68 96
1 14
10 4
8 12
13 6
10 13
3 17
8 2
12 11
12 13
1 13
6 1
12 2
15 7
12 10
8 4
9 20
8 13
9 5
8 10
14 18
17 14
8 14
14 10
1 8
16 15
14 3
5 7
14 2
11 1
19 9
13 2
18 6
19 16
2 4
8 17
9 15
5 19
3 12
8 6
7 20
17 11
14 6
6 17
15 19
9 16
12 6
12 1
7 9
17 4
6 3
2 79 96 25
60 100 43 60
75 20 53 8
66 44 91 41
28 100 79 89
29 9 82 53
31 81 86 55
20 47 11 31
34 4 41 45
12 70 93 75
48 4 66 10
33 39 34 3
13 88 22 29
72 4 49 37
25 4 31 83
24 11 2 78
62 70 70 33
69 72 10 26
68 83 92 2
38 18 73 70
71 56 23 44
84 30 72 87
85 21 61 33
48 15 49 34
99 81 83 35
5 19 56 62
68 60 62 54
56 58 98 33
30 29 8 38
9 9 7 77
73 61 93 31
70 60 67 46
17 13 82 59
58 26 95 62
43 73 4 22
49 42 98 85
66 7 14 11
17 13 66 88
7 65 28 4
65 37 3 51
20 34 70 72
8 71 19 23
21 50 13 4
12 97 96 92
42 24 48 38
43 42 18 33
95 72 88 35
44 63 27 49
85 47 89 2
2 97 59 76
95 32 58 45
80 51 84 2
1 23 66 99
44 59 42 25
46 49 61 100
89 8 86 31
17 35 80 21
88 28 58 25
92 91 3 87
79 88 34 39
61 45 40 89
91 83 36 66
4 84 12 13
41 99 32 35
67 8 20 63
76 60 59 10
44 40 63 19
35 59 61 80
59 62 63 67
65 5 12 7
40 66 24 20
36 20 95 20
89 37 79 51
1 40 39 46
59 67 100 5
52 99 86 62
4 79 29 58
35 58 75 88
91 59 36 61
24 77 40 28
96 64 9 54
44 94 67 100
45 85 8 89
86 88 73 78
48 40 78 10
10 71 29 18
99 50 94 64
10 90 1 62
2 92 44 74
3 34 25 58
40 80 44 60
44 3 17 52
80 48 34 48
20 56 86
32 69
55 67
47 56
21 62
63 49
48 77
60 56
22 38
85 20
28 68
49 92
79 67
31 86
73 18
89 82
88 38
16 28
92 80
57 53
89 36
17 5
12 13
16 15
6 2
17 1
7 5
14 2
13 1
15 8
20 14
6 8
6 4
6 3
19 3
14 16
10 7
1 7
19 14
1 12
15 20
7 12
19 20
4 15
16 20
16 4
3 8
16 2
4 19
17 7
20 3
5 13
17 12
12 18
1 10
14 3
13 17
18 17
8 2
10 5
15 2
8 14
16 19
18 1
11 9
16 6
20 2
10 12
4 2
8 4
4 3
3 15
19 8
1 5
12 5
17 10
20 6
19 16 45 31
77 7 49 2
74 18 17 71
7 55 8 87
52 82 60 32
86 47 35 39
72 20 33 22
7 57 14 19
80 45 73 7
57 29 97 11
75 70 83 57
60 8 70 95
32 48 57 37
67 49 72 94
97 73 73 22
91 64 90 30
57 50 71 55
74 7 25 76
11 13 28 23
1 69 49 33
92 98 39 46
69 51 54 80
9 43 73 10
92 18 82 65
28 50 1 88
82 90 90 11
49 68 82 56
67 85 73 13
12 29 53 67
82 43 34 72
70 62 89 92
26 85 40 70
74 11 96 44
83 99 27 26
40 1 63 82
41 23 71 31
56 32 62 18
62 13 39 6
59 91 16 66
68 92 41 76
80 11 78 22
86 42 82 6
71 11 89 55
37 69 84 31
77 94 63 59
77 40 70 80
71 97 77 43
75 63 82 33
83 31 49 90
96 43 13 60
19 36 11 42
100 51 15 50
27 94 4 75
87 1 50 38
36 53 88 90
47 22 33 55
11 37 6 57
7 51 60 28
74 16 18 100
1 58 8 86
77 46 99 38
43 100 74 71
35 57 64 53
14 76 30 37
18 3 18 26
21 7 74 24
61 89 14 98
53 23 40 38
12 28 41 71
63 34 43 41
41 46 35 24
63 5 13 63
65 84 71 40
88 10 80 37
18 41 76 27
77 11 1 20
28 16 64 67
79 61 28 9
72 51 62 56
76 76 8 75
33 25 65 11
99 44 69 13
32 85 63 23
49 5 24 93
19 38 36 40
9 30 43 69
20 53 458
499991003 499997365
499991004 499997370
499991005 499997374
499991006 499997377
499991007 499997379
499991008 499997380
499991009 499997374
499991010 499997369
499991011 499997365
499991012 499997362
499991013 499997360
499991012 499997355
499991011 499997351
499991010 499997348
499991009 499997346
499991008 499997345
499991007 499997351
499991006 499997356
499991005 499997360
499991004 499997363
1 2
2 3
3 4
4 5
5 6
6 7
7 8
8 9
9 10
10 11
11 12
12 13
13 14
14 15
15 16
16 17
17 18
18 19
19 20
14 19
4 13
19 11
19 7
11 1
8 1
9 19
18 7
13 3
5 13
6 1
4 7
14 20
9 11
12 7
3 10
12 16
1 9
20 1
17 14
8 11
8 20
13 11
16 4
11 7
14 9
12 9
14 12
18 3
9 6
18 10
14 3
15 12
6 16
1 1 1 1000000000
1 1 2 1000000000
1 1 3 1000000000
1 1 4 1000000000
1 1 5 1000000000
1 1 6 1000000000
1 1 7 1000000000
1 1 8 1000000000
1 1 9 1000000000
1 1 10 1000000000
1 1 11 1000000000
1 1 12 1000000000
1 1 13 1000000000
1 1 14 1000000000
1 1 15 1000000000
1 1 16 1000000000
1 1 17 1000000000
1 1 18 1000000000
1 1 19 1000000000
1 1 20 1000000000
1 1 21 1000000000
1 1 22 1000000000
1 1 23 1000000000
1 1 24 1000000000
1 1 25 1000000000
1 1 26 1000000000
1 1 27 1000000000
1 1 28 1000000000
1 1 29 1000000000
1 1 30 1000000000
1 1 31 1000000000
1 1 32 1000000000
1 1 33 1000000000
1 1 34 1000000000
1 1 35 1000000000
1 1 36 1000000000
1 1 37 1000000000
1 1 38 1000000000
1 1 39 1000000000
1 1 40 1000000000
1 1 41 1000000000
1 1 42 1000000000
1 1 43 1000000000
1 1 44 1000000000
1 1 45 1000000000
1 1 46 1000000000
1 1 47 1000000000
1 1 48 1000000000
1 1 49 1000000000
1 1 50 1000000000
1 1 51 1000000000
1 1 52 1000000000
1 1 53 1000000000
1 1 54 1000000000
1 1 55 1000000000
1 1 56 1000000000
1 1 57 1000000000
1 1 58 1000000000
1 1 59 1000000000
1 1 60 1000000000
1 1 61 1000000000
1 1 62 1000000000
1 1 63 1000000000
1 1 64 1000000000
1 1 65 1000000000
1 1 66 1000000000
1 1 67 1000000000
1 1 68 1000000000
1 1 69 1000000000
1 1 70 1000000000
1 1 71 1000000000
1 1 72 1000000000
1 1 73 1000000000
1 1 74 1000000000
1 1 75 1000000000
1 1 76 1000000000
1 1 77 1000000000
1 1 78 1000000000
1 1 79 1000000000
1 1 80 1000000000
1 1 81 1000000000
1 1 82 1000000000
1 1 83 1000000000
1 1 84 1000000000
1 1 85 1000000000
1 1 86 1000000000
1 1 87 1000000000
1 1 88 1000000000
1 1 89 1000000000
1 1 90 1000000000
1 1 91 1000000000
1 1 92 1000000000
1 1 93 1000000000
1 1 94 1000000000
1 1 95 1000000000
1 1 96 1000000000
1 1 97 1000000000
1 1 98 1000000000
1 1 99 1000000000
1 1 100 1000000000
1 1 101 1000000000
1 1 102 1000000000
1 1 103 1000000000
1 1 104 1000000000
1 1 105 1000000000
1 1 106 1000000000
1 1 107 1000000000
1 1 108 1000000000
1 1 109 1000000000
1 1 110 1000000000
1 1 111 1000000000
1 1 112 1000000000
1 1 113 1000000000
1 1 114 1000000000
1 1 115 1000000000
1 1 116 1000000000
1 1 117 1000000000
1 1 118 1000000000
1 1 119 1000000000
1 1 120 1000000000
1 1 121 1000000000
1 1 122 1000000000
1 1 123 1000000000
1 1 124 1000000000
1 1 125 1000000000
1 1 126 1000000000
1 1 127 1000000000
1 1 128 1000000000
1 1 129 1000000000
1 1 130 1000000000
1 1 131 1000000000
1 1 132 1000000000
1 1 133 1000000000
1 1 134 1000000000
1 1 135 1000000000
1 1 136 1000000000
1 1 137 1000000000
1 1 138 1000000000
1 1 139 1000000000
1 1 140 1000000000
1 1 141 1000000000
1 1 142 1000000000
1 1 143 1000000000
1 1 144 1000000000
1 1 145 1000000000
1 1 146 1000000000
1 1 147 1000000000
1 1 148 1000000000
1 1 149 1000000000
1 1 150 1000000000
1 1 151 1000000000
1 1 152 1000000000
1 1 153 1000000000
1 1 154 1000000000
1 1 155 1000000000
1 1 156 1000000000
1 1 157 1000000000
1 1 158 1000000000
1 1 159 1000000000
1 1 160 1000000000
1 1 161 1000000000
1 1 162 1000000000
1 1 163 1000000000
1 1 164 1000000000
1 1 165 1000000000
1 1 166 1000000000
1 1 167 1000000000
1 1 168 1000000000
1 1 169 1000000000
1 1 170 1000000000
1 1 171 1000000000
1 1 172 1000000000
1 1 173 1000000000
1 1 174 1000000000
1 1 175 1000000000
1 1 176 1000000000
1 1 177 1000000000
1 1 178 1000000000
1 1 179 1000000000
1 1 180 1000000000
1 1 181 1000000000
1 1 182 1000000000
1 1 183 1000000000
1 1 184 1000000000
1 1 185 1000000000
1 1 186 1000000000
1 1 187 1000000000
1 1 188 1000000000
1 1 189 1000000000
1 1 190 1000000000
1 1 191 1000000000
1 1 192 1000000000
1 1 193 1000000000
1 1 194 1000000000
1 1 195 1000000000
1 1 196 1000000000
1 1 197 1000000000
1 1 198 1000000000
1 1 199 1000000000
1 1 200 1000000000
1 1 201 1000000000
1 1 202 1000000000
1 1 203 1000000000
1 1 204 1000000000
1 1 205 1000000000
1 1 206 1000000000
1 1 207 1000000000
1 1 208 1000000000
1 1 209 1000000000
1 1 210 1000000000
1 1 211 1000000000
1 1 212 1000000000
1 1 213 1000000000
1 1 214 1000000000
1 1 215 1000000000
1 1 216 1000000000
1 1 217 1000000000
1 1 218 1000000000
1 1 219 1000000000
1 1 220 1000000000
1 1 221 1000000000
1 1 222 1000000000
1 1 223 1000000000
1 1 224 1000000000
1 1 225 1000000000
1 1 226 1000000000
1 1 227 1000000000
1 1 228 1000000000
1 1 229 1000000000
1 1 230 1000000000
1 1 231 1000000000
1 1 232 1000000000
1 1 233 1000000000
1 1 234 1000000000
1 1 235 1000000000
1 1 236 1000000000
1 1 237 1000000000
1 1 238 1000000000
1 1 239 1000000000
1 1 240 1000000000
1 1 241 1000000000
1 1 242 1000000000
1 1 243 1000000000
1 1 244 1000000000
1 1 245 1000000000
1 1 246 1000000000
1 1 247 1000000000
1 1 248 1000000000
1 1 249 1000000000
1 1 250 1000000000
1 1 251 1000000000
1 1 252 1000000000
1 1 253 1000000000
1 1 254 1000000000
1 1 255 1000000000
1 1 256 1000000000
1 1 257 1000000000
1 1 258 1000000000
1 1 259 1000000000
1 1 260 1000000000
1 1 261 1000000000
1 1 262 1000000000
1 1 263 1000000000
1 1 264 1000000000
1 1 265 1000000000
1 1 266 1000000000
1 1 267 1000000000
1 1 268 1000000000
1 1 269 1000000000
1 1 270 1000000000
1 1 271 1000000000
1 1 272 1000000000
1 1 273 1000000000
1 1 274 1000000000
1 1 275 1000000000
1 1 276 1000000000
1 1 277 1000000000
1 1 278 1000000000
1 1 279 1000000000
1 1 280 1000000000
1 1 281 1000000000
1 1 282 1000000000
1 1 283 1000000000
1 1 284 1000000000
1 1 285 1000000000
1 1 286 1000000000
1 1 287 1000000000
1 1 288 1000000000
1 1 289 1000000000
1 1 290 1000000000
1 1 291 1000000000
1 1 292 1000000000
1 1 293 1000000000
1 1 294 1000000000
1 1 295 1000000000
1 1 296 1000000000
1 1 297 1000000000
1 1 298 1000000000
1 1 299 1000000000
1 1 300 1000000000
1 1 301 1000000000
1 1 302 1000000000
1 1 303 1000000000
1 1 304 1000000000
1 1 305 1000000000
1 1 306 1000000000
1 1 307 1000000000
1 1 308 1000000000
1 1 309 1000000000
1 1 310 1000000000
1 1 311 1000000000
1 1 312 1000000000
1 1 313 1000000000
1 1 314 1000000000
1 1 315 1000000000
1 1 316 1000000000
1 1 317 1000000000
1 1 318 1000000000
1 1 319 1000000000
1 1 320 1000000000
1 1 321 1000000000
1 1 322 1000000000
1 1 323 1000000000
1 1 324 1000000000
1 1 325 1000000000
1 1 326 1000000000
1 1 327 1000000000
1 1 328 1000000000
1 1 329 1000000000
1 1 330 1000000000
1 1 331 1000000000
1 1 332 1000000000
1 1 333 1000000000
1 1 334 1000000000
1 1 335 1000000000
1 1 336 1000000000
1 1 337 1000000000
1 1 338 1000000000
1 1 339 1000000000
1 1 340 1000000000
1 1 341 1000000000
1 1 342 1000000000
1 1 343 1000000000
1 1 344 1000000000
1 1 345 1000000000
1 1 346 1000000000
1 1 347 1000000000
1 1 348 1000000000
1 1 349 1000000000
1 1 350 1000000000
1 1 351 1000000000
1 1 352 1000000000
1 1 353 1000000000
1 1 354 1000000000
1 1 355 1000000000
1 1 356 1000000000
1 1 357 1000000000
1 1 358 1000000000
1 1 359 1000000000
1 1 360 1000000000
1 1 361 1000000000
1 1 362 1000000000
1 1 363 1000000000
1 1 364 1000000000
1 1 365 1000000000
1 1 366 1000000000
1 1 367 1000000000
1 1 368 1000000000
1 1 369 1000000000
1 1 370 1000000000
1 1 371 1000000000
1 1 372 1000000000
1 1 373 1000000000
1 1 374 1000000000
1 1 375 1000000000
1 1 376 1000000000
1 1 377 1000000000
1 1 378 1000000000
1 1 379 1000000000
1 1 380 1000000000
1 1 381 1000000000
1 1 382 1000000000
1 1 383 1000000000
1 1 384 1000000000
1 1 385 1000000000
1 1 386 1000000000
1 1 387 1000000000
1 1 388 1000000000
1 1 389 1000000000
1 1 390 1000000000
1 1 391 1000000000
1 1 392 1000000000
1 1 393 1000000000
1 1 394 1000000000
1 1 395 1000000000
1 1 396 1000000000
1 1 397 1000000000
1 1 398 1000000000
1 1 399 1000000000
1 1 400 1000000000
1 1 401 1000000000
1 1 402 1000000000
1 1 403 1000000000
1 1 404 1000000000
1 1 405 1000000000
1 1 406 1000000000
1 1 407 1000000000
1 1 408 1000000000
1 1 409 1000000000
1 1 410 1000000000
1 1 411 1000000000
1 1 412 1000000000
1 1 413 1000000000
1 1 414 1000000000
1 1 415 1000000000
1 1 416 1000000000
1 1 417 1000000000
1 1 418 1000000000
1 1 419 1000000000
1 1 420 1000000000
1 1 421 1000000000
1 1 422 1000000000
1 1 423 1000000000
1 1 424 1000000000
1 1 425 1000000000
1 1 426 1000000000
1 1 427 1000000000
1 1 428 1000000000
1 1 429 1000000000
1 1 430 1000000000
1 1 431 1000000000
1 1 432 1000000000
1 1 433 1000000000
1 1 434 1000000000
1 1 435 1000000000
1 1 436 1000000000
1 1 437 1000000000
1 1 438 1000000000
1 1 439 1000000000
1 1 440 1000000000
1 1 441 1000000000
1 1 442 1000000000
1 1 443 1000000000
1 1 444 1000000000
1 1 445 1000000000
1 1 446 1000000000
1 1 447 1000000000
1 1 448 1000000000
1 1 449 1000000000
1 1 450 1000000000
1 1 451 1000000000
1 1 452 1000000000
1 1 453 1000000000
1 1 454 1000000000
1 1 455 1000000000
1 1 456 1000000000
1 1 457 1000000000
1 1 458 1000000000
20 160 406
499997264 499990991
499997265 499990996
499997266 499991000
499997267 499991003
499997268 499991005
499997269 499991006
499997270 499991000
499997271 499990995
499997272 499990991
499997273 499990988
499997274 499990986
499997273 499990981
499997272 499990977
499997271 499990974
499997270 499990972
499997269 499990971
499997268 499990977
499997267 499990982
499997266 499990986
499997265 499990989
1 2
2 3
3 4
4 5
5 6
6 7
7 8
8 9
9 10
10 11
11 12
12 13
13 14
14 15
15 16
16 17
17 18
18 19
19 20
1 9
1 3
3 17
20 14
18 8
2 19
5 3
15 9
18 11
4 10
7 14
10 3
5 10
13 4
8 14
17 19
17 1
11 4
3 6
7 12
18 14
15 10
8 20
7 13
14 16
2 10
7 2
5 18
11 3
12 14
12 6
1 16
18 12
4 2
10 6
11 6
18 2
13 11
3 19
10 18
14 2
9 3
3 15
10 14
1 5
2 12
8 17
3 18
10 20
20 17
7 9
12 16
2 20
19 16
19 8
18 1
19 7
7 16
5 11
7 10
13 8
13 20
15 19
5 17
17 2
8 3
5 20
8 16
9 2
10 8
12 5
2 16
14 17
16 9
20 18
6 9
12 15
5 14
15 1
16 13
10 17
1 14
6 8
17 13
13 2
11 2
1 11
5 2
17 12
1 10
11 16
12 20
4 20
3 14
2 6
17 4
15 8
2 15
12 8
4 19
18 6
13 5
12 19
19 6
15 7
18 9
6 1
19 11
5 15
13 9
7 3
1 12
17 11
3 13
20 3
19 1
4 9
6 14
18 13
1 8
11 14
19 5
9 20
17 7
20 16
19 9
3 12
9 12
13 15
17 15
11 7
16 10
5 7
5 16
20 1
4 7
11 15
13 6
20 7
18 16
15 4
1 1 1 1000000000
1 1 2 1000000000
1 1 3 1000000000
1 1 4 1000000000
1 1 5 1000000000
1 1 6 1000000000
1 1 7 1000000000
1 1 8 1000000000
1 1 9 1000000000
1 1 10 1000000000
1 1 11 1000000000
1 1 12 1000000000
1 1 13 1000000000
1 1 14 1000000000
1 1 15 1000000000
1 1 16 1000000000
1 1 17 1000000000
1 1 18 1000000000
1 1 19 1000000000
1 1 20 1000000000
1 1 21 1000000000
1 1 22 1000000000
1 1 23 1000000000
1 1 24 1000000000
1 1 25 1000000000
1 1 26 1000000000
1 1 27 1000000000
1 1 28 1000000000
1 1 29 1000000000
1 1 30 1000000000
1 1 31 1000000000
1 1 32 1000000000
1 1 33 1000000000
1 1 34 1000000000
1 1 35 1000000000
1 1 36 1000000000
1 1 37 1000000000
1 1 38 1000000000
1 1 39 1000000000
1 1 40 1000000000
1 1 41 1000000000
1 1 42 1000000000
1 1 43 1000000000
1 1 44 1000000000
1 1 45 1000000000
1 1 46 1000000000
1 1 47 1000000000
1 1 48 1000000000
1 1 49 1000000000
1 1 50 1000000000
1 1 51 1000000000
1 1 52 1000000000
1 1 53 1000000000
1 1 54 1000000000
1 1 55 1000000000
1 1 56 1000000000
1 1 57 1000000000
1 1 58 1000000000
1 1 59 1000000000
1 1 60 1000000000
1 1 61 1000000000
1 1 62 1000000000
1 1 63 1000000000
1 1 64 1000000000
1 1 65 1000000000
1 1 66 1000000000
1 1 67 1000000000
1 1 68 1000000000
1 1 69 1000000000
1 1 70 1000000000
1 1 71 1000000000
1 1 72 1000000000
1 1 73 1000000000
1 1 74 1000000000
1 1 75 1000000000
1 1 76 1000000000
1 1 77 1000000000
1 1 78 1000000000
1 1 79 1000000000
1 1 80 1000000000
1 1 81 1000000000
1 1 82 1000000000
1 1 83 1000000000
1 1 84 1000000000
1 1 85 1000000000
1 1 86 1000000000
1 1 87 1000000000
1 1 88 1000000000
1 1 89 1000000000
1 1 90 1000000000
1 1 91 1000000000
1 1 92 1000000000
1 1 93 1000000000
1 1 94 1000000000
1 1 95 1000000000
1 1 96 1000000000
1 1 97 1000000000
1 1 98 1000000000
1 1 99 1000000000
1 1 100 1000000000
1 1 101 1000000000
1 1 102 1000000000
1 1 103 1000000000
1 1 104 1000000000
1 1 105 1000000000
1 1 106 1000000000
1 1 107 1000000000
1 1 108 1000000000
1 1 109 1000000000
1 1 110 1000000000
1 1 111 1000000000
1 1 112 1000000000
1 1 113 1000000000
1 1 114 1000000000
1 1 115 1000000000
1 1 116 1000000000
1 1 117 1000000000
1 1 118 1000000000
1 1 119 1000000000
1 1 120 1000000000
1 1 121 1000000000
1 1 122 1000000000
1 1 123 1000000000
1 1 124 1000000000
1 1 125 1000000000
1 1 126 1000000000
1 1 127 1000000000
1 1 128 1000000000
1 1 129 1000000000
1 1 130 1000000000
1 1 131 1000000000
1 1 132 1000000000
1 1 133 1000000000
1 1 134 1000000000
1 1 135 1000000000
1 1 136 1000000000
1 1 137 1000000000
1 1 138 1000000000
1 1 139 1000000000
1 1 140 1000000000
1 1 141 1000000000
1 1 142 1000000000
1 1 143 1000000000
1 1 144 1000000000
1 1 145 1000000000
1 1 146 1000000000
1 1 147 1000000000
1 1 148 1000000000
1 1 149 1000000000
1 1 150 1000000000
1 1 151 1000000000
1 1 152 1000000000
1 1 153 1000000000
1 1 154 1000000000
1 1 155 1000000000
1 1 156 1000000000
1 1 157 1000000000
1 1 158 1000000000
1 1 159 1000000000
1 1 160 1000000000
1 1 161 1000000000
1 1 162 1000000000
1 1 163 1000000000
1 1 164 1000000000
1 1 165 1000000000
1 1 166 1000000000
1 1 167 1000000000
1 1 168 1000000000
1 1 169 1000000000
1 1 170 1000000000
1 1 171 1000000000
1 1 172 1000000000
1 1 173 1000000000
1 1 174 1000000000
1 1 175 1000000000
1 1 176 1000000000
1 1 177 1000000000
1 1 178 1000000000
1 1 179 1000000000
1 1 180 1000000000
1 1 181 1000000000
1 1 182 1000000000
1 1 183 1000000000
1 1 184 1000000000
1 1 185 1000000000
1 1 186 1000000000
1 1 187 1000000000
1 1 188 1000000000
1 1 189 1000000000
1 1 190 1000000000
1 1 191 1000000000
1 1 192 1000000000
1 1 193 1000000000
1 1 194 1000000000
1 1 195 1000000000
1 1 196 1000000000
1 1 197 1000000000
1 1 198 1000000000
1 1 199 1000000000
1 1 200 1000000000
1 1 201 1000000000
1 1 202 1000000000
1 1 203 1000000000
1 1 204 1000000000
1 1 205 1000000000
1 1 206 1000000000
1 1 207 1000000000
1 1 208 1000000000
1 1 209 1000000000
1 1 210 1000000000
1 1 211 1000000000
1 1 212 1000000000
1 1 213 1000000000
1 1 214 1000000000
1 1 215 1000000000
1 1 216 1000000000
1 1 217 1000000000
1 1 218 1000000000
1 1 219 1000000000
1 1 220 1000000000
1 1 221 1000000000
1 1 222 1000000000
1 1 223 1000000000
1 1 224 1000000000
1 1 225 1000000000
1 1 226 1000000000
1 1 227 1000000000
1 1 228 1000000000
1 1 229 1000000000
1 1 230 1000000000
1 1 231 1000000000
1 1 232 1000000000
1 1 233 1000000000
1 1 234 1000000000
1 1 235 1000000000
1 1 236 1000000000
1 1 237 1000000000
1 1 238 1000000000
1 1 239 1000000000
1 1 240 1000000000
1 1 241 1000000000
1 1 242 1000000000
1 1 243 1000000000
1 1 244 1000000000
1 1 245 1000000000
1 1 246 1000000000
1 1 247 1000000000
1 1 248 1000000000
1 1 249 1000000000
1 1 250 1000000000
1 1 251 1000000000
1 1 252 1000000000
1 1 253 1000000000
1 1 254 1000000000
1 1 255 1000000000
1 1 256 1000000000
1 1 257 1000000000
1 1 258 1000000000
1 1 259 1000000000
1 1 260 1000000000
1 1 261 1000000000
1 1 262 1000000000
1 1 263 1000000000
1 1 264 1000000000
1 1 265 1000000000
1 1 266 1000000000
1 1 267 1000000000
1 1 268 1000000000
1 1 269 1000000000
1 1 270 1000000000
1 1 271 1000000000
1 1 272 1000000000
1 1 273 1000000000
1 1 274 1000000000
1 1 275 1000000000
1 1 276 1000000000
1 1 277 1000000000
1 1 278 1000000000
1 1 279 1000000000
1 1 280 1000000000
1 1 281 1000000000
1 1 282 1000000000
1 1 283 1000000000
1 1 284 1000000000
1 1 285 1000000000
1 1 286 1000000000
1 1 287 1000000000
1 1 288 1000000000
1 1 289 1000000000
1 1 290 1000000000
1 1 291 1000000000
1 1 292 1000000000
1 1 293 1000000000
1 1 294 1000000000
1 1 295 1000000000
1 1 296 1000000000
1 1 297 1000000000
1 1 298 1000000000
1 1 299 1000000000
1 1 300 1000000000
1 1 301 1000000000
1 1 302 1000000000
1 1 303 1000000000
1 1 304 1000000000
1 1 305 1000000000
1 1 306 1000000000
1 1 307 1000000000
1 1 308 1000000000
1 1 309 1000000000
1 1 310 1000000000
1 1 311 1000000000
1 1 312 1000000000
1 1 313 1000000000
1 1 314 1000000000
1 1 315 1000000000
1 1 316 1000000000
1 1 317 1000000000
1 1 318 1000000000
1 1 319 1000000000
1 1 320 1000000000
1 1 321 1000000000
1 1 322 1000000000
1 1 323 1000000000
1 1 324 1000000000
1 1 325 1000000000
1 1 326 1000000000
1 1 327 1000000000
1 1 328 1000000000
1 1 329 1000000000
1 1 330 1000000000
1 1 331 1000000000
1 1 332 1000000000
1 1 333 1000000000
1 1 334 1000000000
1 1 335 1000000000
1 1 336 1000000000
1 1 337 1000000000
1 1 338 1000000000
1 1 339 1000000000
1 1 340 1000000000
1 1 341 1000000000
1 1 342 1000000000
1 1 343 1000000000
1 1 344 1000000000
1 1 345 1000000000
1 1 346 1000000000
1 1 347 1000000000
1 1 348 1000000000
1 1 349 1000000000
1 1 350 1000000000
1 1 351 1000000000
1 1 352 1000000000
1 1 353 1000000000
1 1 354 1000000000
1 1 355 1000000000
1 1 356 1000000000
1 1 357 1000000000
1 1 358 1000000000
1 1 359 1000000000
1 1 360 1000000000
1 1 361 1000000000
1 1 362 1000000000
1 1 363 1000000000
1 1 364 1000000000
1 1 365 1000000000
1 1 366 1000000000
1 1 367 1000000000
1 1 368 1000000000
1 1 369 1000000000
1 1 370 1000000000
1 1 371 1000000000
1 1 372 1000000000
1 1 373 1000000000
1 1 374 1000000000
1 1 375 1000000000
1 1 376 1000000000
1 1 377 1000000000
1 1 378 1000000000
1 1 379 1000000000
1 1 380 1000000000
1 1 381 1000000000
1 1 382 1000000000
1 1 383 1000000000
1 1 384 1000000000
1 1 385 1000000000
1 1 386 1000000000
1 1 387 1000000000
1 1 388 1000000000
1 1 389 1000000000
1 1 390 1000000000
1 1 391 1000000000
1 1 392 1000000000
1 1 393 1000000000
1 1 394 1000000000
1 1 395 1000000000
1 1 396 1000000000
1 1 397 1000000000
1 1 398 1000000000
1 1 399 1000000000
1 1 400 1000000000
1 1 401 1000000000
1 1 402 1000000000
1 1 403 1000000000
1 1 404 1000000000
1 1 405 1000000000
1 1 406 1000000000
20 44 496
499996214 499995432
499996215 499995437
499996216 499995441
499996217 499995444
499996218 499995446
499996219 499995447
499996220 499995441
499996221 499995436
499996222 499995432
499996223 499995429
499996224 499995427
499996223 499995422
499996222 499995418
499996221 499995415
499996220 499995413
499996219 499995412
499996218 499995418
499996217 499995423
499996216 499995427
499996215 499995430
1 2
2 3
3 4
4 5
5 6
6 7
7 8
8 9
9 10
10 11
11 12
12 13
13 14
14 15
15 16
16 17
17 18
18 19
19 20
15 9
9 5
8 12
19 13
14 5
6 16
2 20
4 13
16 14
6 1
9 14
1 12
13 20
17 4
1 7
12 19
6 20
19 3
3 20
17 5
17 15
7 3
13 16
2 11
6 15
1 1 1 1000000000
1 1 2 1000000000
1 1 3 1000000000
1 1 4 1000000000
1 1 5 1000000000
1 1 6 1000000000
1 1 7 1000000000
1 1 8 1000000000
1 1 9 1000000000
1 1 10 1000000000
1 1 11 1000000000
1 1 12 1000000000
1 1 13 1000000000
1 1 14 1000000000
1 1 15 1000000000
1 1 16 1000000000
1 1 17 1000000000
1 1 18 1000000000
1 1 19 1000000000
1 1 20 1000000000
1 1 21 1000000000
1 1 22 1000000000
1 1 23 1000000000
1 1 24 1000000000
1 1 25 1000000000
1 1 26 1000000000
1 1 27 1000000000
1 1 28 1000000000
1 1 29 1000000000
1 1 30 1000000000
1 1 31 1000000000
1 1 32 1000000000
1 1 33 1000000000
1 1 34 1000000000
1 1 35 1000000000
1 1 36 1000000000
1 1 37 1000000000
1 1 38 1000000000
1 1 39 1000000000
1 1 40 1000000000
1 1 41 1000000000
1 1 42 1000000000
1 1 43 1000000000
1 1 44 1000000000
1 1 45 1000000000
1 1 46 1000000000
1 1 47 1000000000
1 1 48 1000000000
1 1 49 1000000000
1 1 50 1000000000
1 1 51 1000000000
1 1 52 1000000000
1 1 53 1000000000
1 1 54 1000000000
1 1 55 1000000000
1 1 56 1000000000
1 1 57 1000000000
1 1 58 1000000000
1 1 59 1000000000
1 1 60 1000000000
1 1 61 1000000000
1 1 62 1000000000
1 1 63 1000000000
1 1 64 1000000000
1 1 65 1000000000
1 1 66 1000000000
1 1 67 1000000000
1 1 68 1000000000
1 1 69 1000000000
1 1 70 1000000000
1 1 71 1000000000
1 1 72 1000000000
1 1 73 1000000000
1 1 74 1000000000
1 1 75 1000000000
1 1 76 1000000000
1 1 77 1000000000
1 1 78 1000000000
1 1 79 1000000000
1 1 80 1000000000
1 1 81 1000000000
1 1 82 1000000000
1 1 83 1000000000
1 1 84 1000000000
1 1 85 1000000000
1 1 86 1000000000
1 1 87 1000000000
1 1 88 1000000000
1 1 89 1000000000
1 1 90 1000000000
1 1 91 1000000000
1 1 92 1000000000
1 1 93 1000000000
1 1 94 1000000000
1 1 95 1000000000
1 1 96 1000000000
1 1 97 1000000000
1 1 98 1000000000
1 1 99 1000000000
1 1 100 1000000000
1 1 101 1000000000
1 1 102 1000000000
1 1 103 1000000000
1 1 104 1000000000
1 1 105 1000000000
1 1 106 1000000000
1 1 107 1000000000
1 1 108 1000000000
1 1 109 1000000000
1 1 110 1000000000
1 1 111 1000000000
1 1 112 1000000000
1 1 113 1000000000
1 1 114 1000000000
1 1 115 1000000000
1 1 116 1000000000
1 1 117 1000000000
1 1 118 1000000000
1 1 119 1000000000
1 1 120 1000000000
1 1 121 1000000000
1 1 122 1000000000
1 1 123 1000000000
1 1 124 1000000000
1 1 125 1000000000
1 1 126 1000000000
1 1 127 1000000000
1 1 128 1000000000
1 1 129 1000000000
1 1 130 1000000000
1 1 131 1000000000
1 1 132 1000000000
1 1 133 1000000000
1 1 134 1000000000
1 1 135 1000000000
1 1 136 1000000000
1 1 137 1000000000
1 1 138 1000000000
1 1 139 1000000000
1 1 140 1000000000
1 1 141 1000000000
1 1 142 1000000000
1 1 143 1000000000
1 1 144 1000000000
1 1 145 1000000000
1 1 146 1000000000
1 1 147 1000000000
1 1 148 1000000000
1 1 149 1000000000
1 1 150 1000000000
1 1 151 1000000000
1 1 152 1000000000
1 1 153 1000000000
1 1 154 1000000000
1 1 155 1000000000
1 1 156 1000000000
1 1 157 1000000000
1 1 158 1000000000
1 1 159 1000000000
1 1 160 1000000000
1 1 161 1000000000
1 1 162 1000000000
1 1 163 1000000000
1 1 164 1000000000
1 1 165 1000000000
1 1 166 1000000000
1 1 167 1000000000
1 1 168 1000000000
1 1 169 1000000000
1 1 170 1000000000
1 1 171 1000000000
1 1 172 1000000000
1 1 173 1000000000
1 1 174 1000000000
1 1 175 1000000000
1 1 176 1000000000
1 1 177 1000000000
1 1 178 1000000000
1 1 179 1000000000
1 1 180 1000000000
1 1 181 1000000000
1 1 182 1000000000
1 1 183 1000000000
1 1 184 1000000000
1 1 185 1000000000
1 1 186 1000000000
1 1 187 1000000000
1 1 188 1000000000
1 1 189 1000000000
1 1 190 1000000000
1 1 191 1000000000
1 1 192 1000000000
1 1 193 1000000000
1 1 194 1000000000
1 1 195 1000000000
1 1 196 1000000000
1 1 197 1000000000
1 1 198 1000000000
1 1 199 1000000000
1 1 200 1000000000
1 1 201 1000000000
1 1 202 1000000000
1 1 203 1000000000
1 1 204 1000000000
1 1 205 1000000000
1 1 206 1000000000
1 1 207 1000000000
1 1 208 1000000000
1 1 209 1000000000
1 1 210 1000000000
1 1 211 1000000000
1 1 212 1000000000
1 1 213 1000000000
1 1 214 1000000000
1 1 215 1000000000
1 1 216 1000000000
1 1 217 1000000000
1 1 218 1000000000
1 1 219 1000000000
1 1 220 1000000000
1 1 221 1000000000
1 1 222 1000000000
1 1 223 1000000000
1 1 224 1000000000
1 1 225 1000000000
1 1 226 1000000000
1 1 227 1000000000
1 1 228 1000000000
1 1 229 1000000000
1 1 230 1000000000
1 1 231 1000000000
1 1 232 1000000000
1 1 233 1000000000
1 1 234 1000000000
1 1 235 1000000000
1 1 236 1000000000
1 1 237 1000000000
1 1 238 1000000000
1 1 239 1000000000
1 1 240 1000000000
1 1 241 1000000000
1 1 242 1000000000
1 1 243 1000000000
1 1 244 1000000000
1 1 245 1000000000
1 1 246 1000000000
1 1 247 1000000000
1 1 248 1000000000
1 1 249 1000000000
1 1 250 1000000000
1 1 251 1000000000
1 1 252 1000000000
1 1 253 1000000000
1 1 254 1000000000
1 1 255 1000000000
1 1 256 1000000000
1 1 257 1000000000
1 1 258 1000000000
1 1 259 1000000000
1 1 260 1000000000
1 1 261 1000000000
1 1 262 1000000000
1 1 263 1000000000
1 1 264 1000000000
1 1 265 1000000000
1 1 266 1000000000
1 1 267 1000000000
1 1 268 1000000000
1 1 269 1000000000
1 1 270 1000000000
1 1 271 1000000000
1 1 272 1000000000
1 1 273 1000000000
1 1 274 1000000000
1 1 275 1000000000
1 1 276 1000000000
1 1 277 1000000000
1 1 278 1000000000
1 1 279 1000000000
1 1 280 1000000000
1 1 281 1000000000
1 1 282 1000000000
1 1 283 1000000000
1 1 284 1000000000
1 1 285 1000000000
1 1 286 1000000000
1 1 287 1000000000
1 1 288 1000000000
1 1 289 1000000000
1 1 290 1000000000
1 1 291 1000000000
1 1 292 1000000000
1 1 293 1000000000
1 1 294 1000000000
1 1 295 1000000000
1 1 296 1000000000
1 1 297 1000000000
1 1 298 1000000000
1 1 299 1000000000
1 1 300 1000000000
1 1 301 1000000000
1 1 302 1000000000
1 1 303 1000000000
1 1 304 1000000000
1 1 305 1000000000
1 1 306 1000000000
1 1 307 1000000000
1 1 308 1000000000
1 1 309 1000000000
1 1 310 1000000000
1 1 311 1000000000
1 1 312 1000000000
1 1 313 1000000000
1 1 314 1000000000
1 1 315 1000000000
1 1 316 1000000000
1 1 317 1000000000
1 1 318 1000000000
1 1 319 1000000000
1 1 320 1000000000
1 1 321 1000000000
1 1 322 1000000000
1 1 323 1000000000
1 1 324 1000000000
1 1 325 1000000000
1 1 326 1000000000
1 1 327 1000000000
1 1 328 1000000000
1 1 329 1000000000
1 1 330 1000000000
1 1 331 1000000000
1 1 332 1000000000
1 1 333 1000000000
1 1 334 1000000000
1 1 335 1000000000
1 1 336 1000000000
1 1 337 1000000000
1 1 338 1000000000
1 1 339 1000000000
1 1 340 1000000000
1 1 341 1000000000
1 1 342 1000000000
1 1 343 1000000000
1 1 344 1000000000
1 1 345 1000000000
1 1 346 1000000000
1 1 347 1000000000
1 1 348 1000000000
1 1 349 1000000000
1 1 350 1000000000
1 1 351 1000000000
1 1 352 1000000000
1 1 353 1000000000
1 1 354 1000000000
1 1 355 1000000000
1 1 356 1000000000
1 1 357 1000000000
1 1 358 1000000000
1 1 359 1000000000
1 1 360 1000000000
1 1 361 1000000000
1 1 362 1000000000
1 1 363 1000000000
1 1 364 1000000000
1 1 365 1000000000
1 1 366 1000000000
1 1 367 1000000000
1 1 368 1000000000
1 1 369 1000000000
1 1 370 1000000000
1 1 371 1000000000
1 1 372 1000000000
1 1 373 1000000000
1 1 374 1000000000
1 1 375 1000000000
1 1 376 1000000000
1 1 377 1000000000
1 1 378 1000000000
1 1 379 1000000000
1 1 380 1000000000
1 1 381 1000000000
1 1 382 1000000000
1 1 383 1000000000
1 1 384 1000000000
1 1 385 1000000000
1 1 386 1000000000
1 1 387 1000000000
1 1 388 1000000000
1 1 389 1000000000
1 1 390 1000000000
1 1 391 1000000000
1 1 392 1000000000
1 1 393 1000000000
1 1 394 1000000000
1 1 395 1000000000
1 1 396 1000000000
1 1 397 1000000000
1 1 398 1000000000
1 1 399 1000000000
1 1 400 1000000000
1 1 401 1000000000
1 1 402 1000000000
1 1 403 1000000000
1 1 404 1000000000
1 1 405 1000000000
1 1 406 1000000000
1 1 407 1000000000
1 1 408 1000000000
1 1 409 1000000000
1 1 410 1000000000
1 1 411 1000000000
1 1 412 1000000000
1 1 413 1000000000
1 1 414 1000000000
1 1 415 1000000000
1 1 416 1000000000
1 1 417 1000000000
1 1 418 1000000000
1 1 419 1000000000
1 1 420 1000000000
1 1 421 1000000000
1 1 422 1000000000
1 1 423 1000000000
1 1 424 1000000000
1 1 425 1000000000
1 1 426 1000000000
1 1 427 1000000000
1 1 428 1000000000
1 1 429 1000000000
1 1 430 1000000000
1 1 431 1000000000
1 1 432 1000000000
1 1 433 1000000000
1 1 434 1000000000
1 1 435 1000000000
1 1 436 1000000000
1 1 437 1000000000
1 1 438 1000000000
1 1 439 1000000000
1 1 440 1000000000
1 1 441 1000000000
1 1 442 1000000000
1 1 443 1000000000
1 1 444 1000000000
1 1 445 1000000000
1 1 446 1000000000
1 1 447 1000000000
1 1 448 1000000000
1 1 449 1000000000
1 1 450 1000000000
1 1 451 1000000000
1 1 452 1000000000
1 1 453 1000000000
1 1 454 1000000000
1 1 455 1000000000
1 1 456 1000000000
1 1 457 1000000000
1 1 458 1000000000
1 1 459 1000000000
1 1 460 1000000000
1 1 461 1000000000
1 1 462 1000000000
1 1 463 1000000000
1 1 464 1000000000
1 1 465 1000000000
1 1 466 1000000000
1 1 467 1000000000
1 1 468 1000000000
1 1 469 1000000000
1 1 470 1000000000
1 1 471 1000000000
1 1 472 1000000000
1 1 473 1000000000
1 1 474 1000000000
1 1 475 1000000000
1 1 476 1000000000
1 1 477 1000000000
1 1 478 1000000000
1 1 479 1000000000
1 1 480 1000000000
1 1 481 1000000000
1 1 482 1000000000
1 1 483 1000000000
1 1 484 1000000000
1 1 485 1000000000
1 1 486 1000000000
1 1 487 1000000000
1 1 488 1000000000
1 1 489 1000000000
1 1 490 1000000000
1 1 491 1000000000
1 1 492 1000000000
1 1 493 1000000000
1 1 494 1000000000
1 1 495 1000000000
1 1 496 1000000000
20 107 400
499997928 499998166
499997929 499998171
499997930 499998175
499997931 499998178
499997932 499998180
499997933 499998181
499997934 499998175
499997935 499998170
499997936 499998166
499997937 499998163
499997938 499998161
499997937 499998156
499997936 499998152
499997935 499998149
499997934 499998147
499997933 499998146
499997932 499998152
499997931 499998157
499997930 499998161
499997929 499998164
1 2
2 3
3 4
4 5
5 6
6 7
7 8
8 9
9 10
10 11
11 12
12 13
13 14
14 15
15 16
16 17
17 18
18 19
19 20
10 17
9 12
2 4
20 2
11 17
16 14
3 5
1 11
20 3
19 1
10 13
17 19
10 7
6 9
1 3
19 10
18 12
2 9
13 15
4 19
2 15
14 5
17 12
12 19
17 8
1 9
15 6
20 4
5 15
8 10
14 3
7 11
15 18
14 7
3 15
14 20
5 2
7 20
7 3
12 6
12 8
2 10
7 13
1 15
7 18
5 20
19 15
5 13
6 1
12 15
12 20
4 14
6 20
8 19
17 20
16 13
11 18
18 2
20 10
10 4
2 11
6 2
13 1
11 4
6 11
12 3
19 16
9 5
8 2
11 5
16 11
16 5
20 8
12 16
6 19
7 5
11 8
15 20
1 4
19 2
10 14
15 17
5 10
13 2
16 20
18 6
17 13
4 7
1 1 1 1000000000
1 1 2 1000000000
1 1 3 1000000000
1 1 4 1000000000
1 1 5 1000000000
1 1 6 1000000000
1 1 7 1000000000
1 1 8 1000000000
1 1 9 1000000000
1 1 10 1000000000
1 1 11 1000000000
1 1 12 1000000000
1 1 13 1000000000
1 1 14 1000000000
1 1 15 1000000000
1 1 16 1000000000
1 1 17 1000000000
1 1 18 1000000000
1 1 19 1000000000
1 1 20 1000000000
1 1 21 1000000000
1 1 22 1000000000
1 1 23 1000000000
1 1 24 1000000000
1 1 25 1000000000
1 1 26 1000000000
1 1 27 1000000000
1 1 28 1000000000
1 1 29 1000000000
1 1 30 1000000000
1 1 31 1000000000
1 1 32 1000000000
1 1 33 1000000000
1 1 34 1000000000
1 1 35 1000000000
1 1 36 1000000000
1 1 37 1000000000
1 1 38 1000000000
1 1 39 1000000000
1 1 40 1000000000
1 1 41 1000000000
1 1 42 1000000000
1 1 43 1000000000
1 1 44 1000000000
1 1 45 1000000000
1 1 46 1000000000
1 1 47 1000000000
1 1 48 1000000000
1 1 49 1000000000
1 1 50 1000000000
1 1 51 1000000000
1 1 52 1000000000
1 1 53 1000000000
1 1 54 1000000000
1 1 55 1000000000
1 1 56 1000000000
1 1 57 1000000000
1 1 58 1000000000
1 1 59 1000000000
1 1 60 1000000000
1 1 61 1000000000
1 1 62 1000000000
1 1 63 1000000000
1 1 64 1000000000
1 1 65 1000000000
1 1 66 1000000000
1 1 67 1000000000
1 1 68 1000000000
1 1 69 1000000000
1 1 70 1000000000
1 1 71 1000000000
1 1 72 1000000000
1 1 73 1000000000
1 1 74 1000000000
1 1 75 1000000000
1 1 76 1000000000
1 1 77 1000000000
1 1 78 1000000000
1 1 79 1000000000
1 1 80 1000000000
1 1 81 1000000000
1 1 82 1000000000
1 1 83 1000000000
1 1 84 1000000000
1 1 85 1000000000
1 1 86 1000000000
1 1 87 1000000000
1 1 88 1000000000
1 1 89 1000000000
1 1 90 1000000000
1 1 91 1000000000
1 1 92 1000000000
1 1 93 1000000000
1 1 94 1000000000
1 1 95 1000000000
1 1 96 1000000000
1 1 97 1000000000
1 1 98 1000000000
1 1 99 1000000000
1 1 100 1000000000
1 1 101 1000000000
1 1 102 1000000000
1 1 103 1000000000
1 1 104 1000000000
1 1 105 1000000000
1 1 106 1000000000
1 1 107 1000000000
1 1 108 1000000000
1 1 109 1000000000
1 1 110 1000000000
1 1 111 1000000000
1 1 112 1000000000
1 1 113 1000000000
1 1 114 1000000000
1 1 115 1000000000
1 1 116 1000000000
1 1 117 1000000000
1 1 118 1000000000
1 1 119 1000000000
1 1 120 1000000000
1 1 121 1000000000
1 1 122 1000000000
1 1 123 1000000000
1 1 124 1000000000
1 1 125 1000000000
1 1 126 1000000000
1 1 127 1000000000
1 1 128 1000000000
1 1 129 1000000000
1 1 130 1000000000
1 1 131 1000000000
1 1 132 1000000000
1 1 133 1000000000
1 1 134 1000000000
1 1 135 1000000000
1 1 136 1000000000
1 1 137 1000000000
1 1 138 1000000000
1 1 139 1000000000
1 1 140 1000000000
1 1 141 1000000000
1 1 142 1000000000
1 1 143 1000000000
1 1 144 1000000000
1 1 145 1000000000
1 1 146 1000000000
1 1 147 1000000000
1 1 148 1000000000
1 1 149 1000000000
1 1 150 1000000000
1 1 151 1000000000
1 1 152 1000000000
1 1 153 1000000000
1 1 154 1000000000
1 1 155 1000000000
1 1 156 1000000000
1 1 157 1000000000
1 1 158 1000000000
1 1 159 1000000000
1 1 160 1000000000
1 1 161 1000000000
1 1 162 1000000000
1 1 163 1000000000
1 1 164 1000000000
1 1 165 1000000000
1 1 166 1000000000
1 1 167 1000000000
1 1 168 1000000000
1 1 169 1000000000
1 1 170 1000000000
1 1 171 1000000000
1 1 172 1000000000
1 1 173 1000000000
1 1 174 1000000000
1 1 175 1000000000
1 1 176 1000000000
1 1 177 1000000000
1 1 178 1000000000
1 1 179 1000000000
1 1 180 1000000000
1 1 181 1000000000
1 1 182 1000000000
1 1 183 1000000000
1 1 184 1000000000
1 1 185 1000000000
1 1 186 1000000000
1 1 187 1000000000
1 1 188 1000000000
1 1 189 1000000000
1 1 190 1000000000
1 1 191 1000000000
1 1 192 1000000000
1 1 193 1000000000
1 1 194 1000000000
1 1 195 1000000000
1 1 196 1000000000
1 1 197 1000000000
1 1 198 1000000000
1 1 199 1000000000
1 1 200 1000000000
1 1 201 1000000000
1 1 202 1000000000
1 1 203 1000000000
1 1 204 1000000000
1 1 205 1000000000
1 1 206 1000000000
1 1 207 1000000000
1 1 208 1000000000
1 1 209 1000000000
1 1 210 1000000000
1 1 211 1000000000
1 1 212 1000000000
1 1 213 1000000000
1 1 214 1000000000
1 1 215 1000000000
1 1 216 1000000000
1 1 217 1000000000
1 1 218 1000000000
1 1 219 1000000000
1 1 220 1000000000
1 1 221 1000000000
1 1 222 1000000000
1 1 223 1000000000
1 1 224 1000000000
1 1 225 1000000000
1 1 226 1000000000
1 1 227 1000000000
1 1 228 1000000000
1 1 229 1000000000
1 1 230 1000000000
1 1 231 1000000000
1 1 232 1000000000
1 1 233 1000000000
1 1 234 1000000000
1 1 235 1000000000
1 1 236 1000000000
1 1 237 1000000000
1 1 238 1000000000
1 1 239 1000000000
1 1 240 1000000000
1 1 241 1000000000
1 1 242 1000000000
1 1 243 1000000000
1 1 244 1000000000
1 1 245 1000000000
1 1 246 1000000000
1 1 247 1000000000
1 1 248 1000000000
1 1 249 1000000000
1 1 250 1000000000
1 1 251 1000000000
1 1 252 1000000000
1 1 253 1000000000
1 1 254 1000000000
1 1 255 1000000000
1 1 256 1000000000
1 1 257 1000000000
1 1 258 1000000000
1 1 259 1000000000
1 1 260 1000000000
1 1 261 1000000000
1 1 262 1000000000
1 1 263 1000000000
1 1 264 1000000000
1 1 265 1000000000
1 1 266 1000000000
1 1 267 1000000000
1 1 268 1000000000
1 1 269 1000000000
1 1 270 1000000000
1 1 271 1000000000
1 1 272 1000000000
1 1 273 1000000000
1 1 274 1000000000
1 1 275 1000000000
1 1 276 1000000000
1 1 277 1000000000
1 1 278 1000000000
1 1 279 1000000000
1 1 280 1000000000
1 1 281 1000000000
1 1 282 1000000000
1 1 283 1000000000
1 1 284 1000000000
1 1 285 1000000000
1 1 286 1000000000
1 1 287 1000000000
1 1 288 1000000000
1 1 289 1000000000
1 1 290 1000000000
1 1 291 1000000000
1 1 292 1000000000
1 1 293 1000000000
1 1 294 1000000000
1 1 295 1000000000
1 1 296 1000000000
1 1 297 1000000000
1 1 298 1000000000
1 1 299 1000000000
1 1 300 1000000000
1 1 301 1000000000
1 1 302 1000000000
1 1 303 1000000000
1 1 304 1000000000
1 1 305 1000000000
1 1 306 1000000000
1 1 307 1000000000
1 1 308 1000000000
1 1 309 1000000000
1 1 310 1000000000
1 1 311 1000000000
1 1 312 1000000000
1 1 313 1000000000
1 1 314 1000000000
1 1 315 1000000000
1 1 316 1000000000
1 1 317 1000000000
1 1 318 1000000000
1 1 319 1000000000
1 1 320 1000000000
1 1 321 1000000000
1 1 322 1000000000
1 1 323 1000000000
1 1 324 1000000000
1 1 325 1000000000
1 1 326 1000000000
1 1 327 1000000000
1 1 328 1000000000
1 1 329 1000000000
1 1 330 1000000000
1 1 331 1000000000
1 1 332 1000000000
1 1 333 1000000000
1 1 334 1000000000
1 1 335 1000000000
1 1 336 1000000000
1 1 337 1000000000
1 1 338 1000000000
1 1 339 1000000000
1 1 340 1000000000
1 1 341 1000000000
1 1 342 1000000000
1 1 343 1000000000
1 1 344 1000000000
1 1 345 1000000000
1 1 346 1000000000
1 1 347 1000000000
1 1 348 1000000000
1 1 349 1000000000
1 1 350 1000000000
1 1 351 1000000000
1 1 352 1000000000
1 1 353 1000000000
1 1 354 1000000000
1 1 355 1000000000
1 1 356 1000000000
1 1 357 1000000000
1 1 358 1000000000
1 1 359 1000000000
1 1 360 1000000000
1 1 361 1000000000
1 1 362 1000000000
1 1 363 1000000000
1 1 364 1000000000
1 1 365 1000000000
1 1 366 1000000000
1 1 367 1000000000
1 1 368 1000000000
1 1 369 1000000000
1 1 370 1000000000
1 1 371 1000000000
1 1 372 1000000000
1 1 373 1000000000
1 1 374 1000000000
1 1 375 1000000000
1 1 376 1000000000
1 1 377 1000000000
1 1 378 1000000000
1 1 379 1000000000
1 1 380 1000000000
1 1 381 1000000000
1 1 382 1000000000
1 1 383 1000000000
1 1 384 1000000000
1 1 385 1000000000
1 1 386 1000000000
1 1 387 1000000000
1 1 388 1000000000
1 1 389 1000000000
1 1 390 1000000000
1 1 391 1000000000
1 1 392 1000000000
1 1 393 1000000000
1 1 394 1000000000
1 1 395 1000000000
1 1 396 1000000000
1 1 397 1000000000
1 1 398 1000000000
1 1 399 1000000000
1 1 400 1000000000
20 155 433
499999980 499999369
499999981 499999374
499999982 499999378
499999983 499999381
499999984 499999383
499999985 499999384
499999986 499999378
499999987 499999373
499999988 499999369
499999989 499999366
499999990 499999364
499999989 499999359
499999988 499999355
499999987 499999352
499999986 499999350
499999985 499999349
499999984 499999355
499999983 499999360
499999982 499999364
499999981 499999367
1 2
2 3
3 4
4 5
5 6
6 7
7 8
8 9
9 10
10 11
11 12
12 13
13 14
14 15
15 16
16 17
17 18
18 19
19 20
4 14
9 4
16 14
4 19
6 1
7 4
19 6
6 4
17 5
4 13
14 8
15 11
19 7
10 7
19 15
3 13
16 8
2 4
12 6
10 13
13 20
6 14
1 3
19 17
1 5
12 20
12 8
20 2
5 11
9 19
1 4
1 8
14 5
20 5
15 8
12 2
3 14
16 5
16 6
17 9
5 12
11 7
3 10
1 11
13 8
2 6
12 9
8 2
5 19
19 14
6 17
4 15
13 9
16 18
15 13
12 17
14 10
8 17
3 9
3 16
20 11
14 20
16 7
2 14
2 17
12 3
8 20
7 1
1 9
20 3
15 18
6 11
10 16
11 18
19 10
14 7
17 20
6 3
16 4
4 12
18 20
5 3
7 20
6 10
8 3
17 10
19 1
9 14
18 3
20 15
14 17
15 6
16 13
16 20
4 8
3 15
6 13
1 12
19 16
13 2
18 10
9 16
12 14
8 18
2 15
10 2
19 11
13 7
6 20
7 5
9 18
19 12
19 3
16 11
2 11
3 7
9 2
2 18
2 7
18 5
3 17
15 1
17 15
18 1
16 1
5 13
13 18
8 19
17 13
12 7
13 19
5 2
17 1
13 11
11 4
17 11
1 1 1 1000000000
1 1 2 1000000000
1 1 3 1000000000
1 1 4 1000000000
1 1 5 1000000000
1 1 6 1000000000
1 1 7 1000000000
1 1 8 1000000000
1 1 9 1000000000
1 1 10 1000000000
1 1 11 1000000000
1 1 12 1000000000
1 1 13 1000000000
1 1 14 1000000000
1 1 15 1000000000
1 1 16 1000000000
1 1 17 1000000000
1 1 18 1000000000
1 1 19 1000000000
1 1 20 1000000000
1 1 21 1000000000
1 1 22 1000000000
1 1 23 1000000000
1 1 24 1000000000
1 1 25 1000000000
1 1 26 1000000000
1 1 27 1000000000
1 1 28 1000000000
1 1 29 1000000000
1 1 30 1000000000
1 1 31 1000000000
1 1 32 1000000000
1 1 33 1000000000
1 1 34 1000000000
1 1 35 1000000000
1 1 36 1000000000
1 1 37 1000000000
1 1 38 1000000000
1 1 39 1000000000
1 1 40 1000000000
1 1 41 1000000000
1 1 42 1000000000
1 1 43 1000000000
1 1 44 1000000000
1 1 45 1000000000
1 1 46 1000000000
1 1 47 1000000000
1 1 48 1000000000
1 1 49 1000000000
1 1 50 1000000000
1 1 51 1000000000
1 1 52 1000000000
1 1 53 1000000000
1 1 54 1000000000
1 1 55 1000000000
1 1 56 1000000000
1 1 57 1000000000
1 1 58 1000000000
1 1 59 1000000000
1 1 60 1000000000
1 1 61 1000000000
1 1 62 1000000000
1 1 63 1000000000
1 1 64 1000000000
1 1 65 1000000000
1 1 66 1000000000
1 1 67 1000000000
1 1 68 1000000000
1 1 69 1000000000
1 1 70 1000000000
1 1 71 1000000000
1 1 72 1000000000
1 1 73 1000000000
1 1 74 1000000000
1 1 75 1000000000
1 1 76 1000000000
1 1 77 1000000000
1 1 78 1000000000
1 1 79 1000000000
1 1 80 1000000000
1 1 81 1000000000
1 1 82 1000000000
1 1 83 1000000000
1 1 84 1000000000
1 1 85 1000000000
1 1 86 1000000000
1 1 87 1000000000
1 1 88 1000000000
1 1 89 1000000000
1 1 90 1000000000
1 1 91 1000000000
1 1 92 1000000000
1 1 93 1000000000
1 1 94 1000000000
1 1 95 1000000000
1 1 96 1000000000
1 1 97 1000000000
1 1 98 1000000000
1 1 99 1000000000
1 1 100 1000000000
1 1 101 1000000000
1 1 102 1000000000
1 1 103 1000000000
1 1 104 1000000000
1 1 105 1000000000
1 1 106 1000000000
1 1 107 1000000000
1 1 108 1000000000
1 1 109 1000000000
1 1 110 1000000000
1 1 111 1000000000
1 1 112 1000000000
1 1 113 1000000000
1 1 114 1000000000
1 1 115 1000000000
1 1 116 1000000000
1 1 117 1000000000
1 1 118 1000000000
1 1 119 1000000000
1 1 120 1000000000
1 1 121 1000000000
1 1 122 1000000000
1 1 123 1000000000
1 1 124 1000000000
1 1 125 1000000000
1 1 126 1000000000
1 1 127 1000000000
1 1 128 1000000000
1 1 129 1000000000
1 1 130 1000000000
1 1 131 1000000000
1 1 132 1000000000
1 1 133 1000000000
1 1 134 1000000000
1 1 135 1000000000
1 1 136 1000000000
1 1 137 1000000000
1 1 138 1000000000
1 1 139 1000000000
1 1 140 1000000000
1 1 141 1000000000
1 1 142 1000000000
1 1 143 1000000000
1 1 144 1000000000
1 1 145 1000000000
1 1 146 1000000000
1 1 147 1000000000
1 1 148 1000000000
1 1 149 1000000000
1 1 150 1000000000
1 1 151 1000000000
1 1 152 1000000000
1 1 153 1000000000
1 1 154 1000000000
1 1 155 1000000000
1 1 156 1000000000
1 1 157 1000000000
1 1 158 1000000000
1 1 159 1000000000
1 1 160 1000000000
1 1 161 1000000000
1 1 162 1000000000
1 1 163 1000000000
1 1 164 1000000000
1 1 165 1000000000
1 1 166 1000000000
1 1 167 1000000000
1 1 168 1000000000
1 1 169 1000000000
1 1 170 1000000000
1 1 171 1000000000
1 1 172 1000000000
1 1 173 1000000000
1 1 174 1000000000
1 1 175 1000000000
1 1 176 1000000000
1 1 177 1000000000
1 1 178 1000000000
1 1 179 1000000000
1 1 180 1000000000
1 1 181 1000000000
1 1 182 1000000000
1 1 183 1000000000
1 1 184 1000000000
1 1 185 1000000000
1 1 186 1000000000
1 1 187 1000000000
1 1 188 1000000000
1 1 189 1000000000
1 1 190 1000000000
1 1 191 1000000000
1 1 192 1000000000
1 1 193 1000000000
1 1 194 1000000000
1 1 195 1000000000
1 1 196 1000000000
1 1 197 1000000000
1 1 198 1000000000
1 1 199 1000000000
1 1 200 1000000000
1 1 201 1000000000
1 1 202 1000000000
1 1 203 1000000000
1 1 204 1000000000
1 1 205 1000000000
1 1 206 1000000000
1 1 207 1000000000
1 1 208 1000000000
1 1 209 1000000000
1 1 210 1000000000
1 1 211 1000000000
1 1 212 1000000000
1 1 213 1000000000
1 1 214 1000000000
1 1 215 1000000000
1 1 216 1000000000
1 1 217 1000000000
1 1 218 1000000000
1 1 219 1000000000
1 1 220 1000000000
1 1 221 1000000000
1 1 222 1000000000
1 1 223 1000000000
1 1 224 1000000000
1 1 225 1000000000
1 1 226 1000000000
1 1 227 1000000000
1 1 228 1000000000
1 1 229 1000000000
1 1 230 1000000000
1 1 231 1000000000
1 1 232 1000000000
1 1 233 1000000000
1 1 234 1000000000
1 1 235 1000000000
1 1 236 1000000000
1 1 237 1000000000
1 1 238 1000000000
1 1 239 1000000000
1 1 240 1000000000
1 1 241 1000000000
1 1 242 1000000000
1 1 243 1000000000
1 1 244 1000000000
1 1 245 1000000000
1 1 246 1000000000
1 1 247 1000000000
1 1 248 1000000000
1 1 249 1000000000
1 1 250 1000000000
1 1 251 1000000000
1 1 252 1000000000
1 1 253 1000000000
1 1 254 1000000000
1 1 255 1000000000
1 1 256 1000000000
1 1 257 1000000000
1 1 258 1000000000
1 1 259 1000000000
1 1 260 1000000000
1 1 261 1000000000
1 1 262 1000000000
1 1 263 1000000000
1 1 264 1000000000
1 1 265 1000000000
1 1 266 1000000000
1 1 267 1000000000
1 1 268 1000000000
1 1 269 1000000000
1 1 270 1000000000
1 1 271 1000000000
1 1 272 1000000000
1 1 273 1000000000
1 1 274 1000000000
1 1 275 1000000000
1 1 276 1000000000
1 1 277 1000000000
1 1 278 1000000000
1 1 279 1000000000
1 1 280 1000000000
1 1 281 1000000000
1 1 282 1000000000
1 1 283 1000000000
1 1 284 1000000000
1 1 285 1000000000
1 1 286 1000000000
1 1 287 1000000000
1 1 288 1000000000
1 1 289 1000000000
1 1 290 1000000000
1 1 291 1000000000
1 1 292 1000000000
1 1 293 1000000000
1 1 294 1000000000
1 1 295 1000000000
1 1 296 1000000000
1 1 297 1000000000
1 1 298 1000000000
1 1 299 1000000000
1 1 300 1000000000
1 1 301 1000000000
1 1 302 1000000000
1 1 303 1000000000
1 1 304 1000000000
1 1 305 1000000000
1 1 306 1000000000
1 1 307 1000000000
1 1 308 1000000000
1 1 309 1000000000
1 1 310 1000000000
1 1 311 1000000000
1 1 312 1000000000
1 1 313 1000000000
1 1 314 1000000000
1 1 315 1000000000
1 1 316 1000000000
1 1 317 1000000000
1 1 318 1000000000
1 1 319 1000000000
1 1 320 1000000000
1 1 321 1000000000
1 1 322 1000000000
1 1 323 1000000000
1 1 324 1000000000
1 1 325 1000000000
1 1 326 1000000000
1 1 327 1000000000
1 1 328 1000000000
1 1 329 1000000000
1 1 330 1000000000
1 1 331 1000000000
1 1 332 1000000000
1 1 333 1000000000
1 1 334 1000000000
1 1 335 1000000000
1 1 336 1000000000
1 1 337 1000000000
1 1 338 1000000000
1 1 339 1000000000
1 1 340 1000000000
1 1 341 1000000000
1 1 342 1000000000
1 1 343 1000000000
1 1 344 1000000000
1 1 345 1000000000
1 1 346 1000000000
1 1 347 1000000000
1 1 348 1000000000
1 1 349 1000000000
1 1 350 1000000000
1 1 351 1000000000
1 1 352 1000000000
1 1 353 1000000000
1 1 354 1000000000
1 1 355 1000000000
1 1 356 1000000000
1 1 357 1000000000
1 1 358 1000000000
1 1 359 1000000000
1 1 360 1000000000
1 1 361 1000000000
1 1 362 1000000000
1 1 363 1000000000
1 1 364 1000000000
1 1 365 1000000000
1 1 366 1000000000
1 1 367 1000000000
1 1 368 1000000000
1 1 369 1000000000
1 1 370 1000000000
1 1 371 1000000000
1 1 372 1000000000
1 1 373 1000000000
1 1 374 1000000000
1 1 375 1000000000
1 1 376 1000000000
1 1 377 1000000000
1 1 378 1000000000
1 1 379 1000000000
1 1 380 1000000000
1 1 381 1000000000
1 1 382 1000000000
1 1 383 1000000000
1 1 384 1000000000
1 1 385 1000000000
1 1 386 1000000000
1 1 387 1000000000
1 1 388 1000000000
1 1 389 1000000000
1 1 390 1000000000
1 1 391 1000000000
1 1 392 1000000000
1 1 393 1000000000
1 1 394 1000000000
1 1 395 1000000000
1 1 396 1000000000
1 1 397 1000000000
1 1 398 1000000000
1 1 399 1000000000
1 1 400 1000000000
1 1 401 1000000000
1 1 402 1000000000
1 1 403 1000000000
1 1 404 1000000000
1 1 405 1000000000
1 1 406 1000000000
1 1 407 1000000000
1 1 408 1000000000
1 1 409 1000000000
1 1 410 1000000000
1 1 411 1000000000
1 1 412 1000000000
1 1 413 1000000000
1 1 414 1000000000
1 1 415 1000000000
1 1 416 1000000000
1 1 417 1000000000
1 1 418 1000000000
1 1 419 1000000000
1 1 420 1000000000
1 1 421 1000000000
1 1 422 1000000000
1 1 423 1000000000
1 1 424 1000000000
1 1 425 1000000000
1 1 426 1000000000
1 1 427 1000000000
1 1 428 1000000000
1 1 429 1000000000
1 1 430 1000000000
1 1 431 1000000000
1 1 432 1000000000
1 1 433 1000000000
