10
10 15
5 3
10 2
9 2
3 2
8 2
4 9
7 10
5 9
6 3
7 3
5 8
6 5
7 8
1 6
3 4
10 15
3 8
10 9
9 3
2 6
7 4
9 8
3 7
3 2
2 4
4 5
9 7
4 8
9 5
10 3
1 4
10 15
4 2
8 1
6 5
9 8
1 2
1 3
6 1
9 6
4 5
5 8
6 2
10 5
3 7
2 10
8 2
10 15
7 9
2 7
6 1
5 7
3 4
6 7
6 2
10 3
4 6
7 8
5 6
7 3
2 10
1 3
2 5
10 15
2 6
3 1
1 6
6 8
10 2
4 7
2 9
8 4
4 10
9 1
2 4
3 2
7 10
1 5
6 4
50 100
7 18
31 27
27 38
50 33
9 49
28 43
30 19
31 17
15 37
25 5
14 26
2 12
7 50
23 47
46 49
9 23
4 3
6 8
12 11
16 10
28 12
15 45
40 44
31 21
23 33
9 15
7 33
29 49
45 26
38 28
18 10
37 30
11 50
46 28
33 40
46 24
24 44
45 14
13 43
5 38
15 25
34 44
6 48
7 28
27 6
24 28
28 39
43 3
30 49
31 7
38 50
12 19
7 21
9 3
16 33
43 50
45 1
14 32
25 19
23 35
43 29
36 10
36 34
22 42
31 32
26 36
2 5
21 44
19 34
35 12
16 35
38 44
30 8
7 39
30 50
31 42
10 19
18 20
44 42
40 24
32 9
25 17
47 26
27 16
5 39
38 12
41 47
35 40
25 35
30 43
24 12
13 31
27 15
14 44
31 33
17 5
21 40
38 37
27 43
35 4
50 100
25 50
28 9
28 10
21 46
22 46
25 28
14 26
14 33
21 49
45 12
15 42
48 28
28 8
27 29
36 31
28 1
31 21
31 34
18 27
28 41
5 35
6 40
39 30
41 16
28 32
50 13
35 44
19 25
29 34
46 23
25 23
19 20
17 7
34 21
26 25
7 18
48 36
42 34
42 16
35 26
34 7
19 15
11 14
25 21
33 15
38 28
34 28
8 16
22 10
46 41
43 2
40 28
12 39
30 21
28 36
1 40
23 30
9 44
3 24
35 20
7 14
6 33
5 24
42 33
46 34
21 26
31 18
38 29
8 24
5 9
12 16
4 1
29 39
39 36
24 45
17 27
27 46
41 9
39 18
17 32
27 43
25 24
42 24
24 41
49 18
19 26
15 48
40 39
23 24
42 26
44 49
27 8
37 19
14 50
49 26
37 1
27 11
31 7
17 47
42 11
50 100
39 2
32 29
11 28
38 15
22 8
41 36
49 45
25 43
33 9
5 13
43 19
36 12
45 28
30 19
37 20
21 22
22 35
31 41
11 17
1 15
29 13
43 50
25 1
28 42
45 17
13 42
50 48
50 10
19 18
29 25
43 16
23 29
22 39
33 39
35 24
18 2
39 1
27 41
26 23
48 28
19 25
32 11
16 27
40 49
1 49
47 35
22 26
13 28
47 15
17 7
6 43
10 21
2 24
11 46
33 17
36 31
21 36
39 42
37 29
35 39
7 2
48 29
3 25
31 38
8 11
46 17
45 14
10 25
24 47
27 3
40 8
12 19
36 29
50 30
26 50
47 13
39 7
29 46
20 8
44 17
22 43
36 3
26 31
42 41
38 23
24 42
35 25
10 41
22 40
44 41
48 39
10 1
23 50
43 42
28 49
27 50
10 34
50 18
32 20
24 14
50 100
6 11
26 39
4 36
31 13
21 50
29 48
11 29
14 6
23 26
40 16
48 12
10 41
1 3
21 4
17 49
19 49
48 34
13 34
30 44
42 13
4 42
13 44
50 31
12 16
22 24
24 42
43 45
8 50
50 27
33 23
49 25
1 40
32 17
39 17
40 4
46 40
21 22
19 36
27 38
45 24
38 33
28 23
24 36
18 24
40 50
34 14
28 46
5 10
18 23
15 39
12 26
31 36
1 34
25 16
36 20
15 19
38 10
6 4
41 2
48 15
12 23
25 27
18 8
15 35
26 14
20 40
46 13
4 22
20 3
33 42
48 36
5 4
20 30
19 37
17 26
25 50
49 18
30 31
10 9
12 15
41 25
35 2
29 5
2 5
12 33
22 18
46 16
31 24
43 34
8 46
20 13
24 8
44 40
48 46
18 41
27 37
23 17
26 35
27 15
12 38
50 100
3 37
48 44
36 10
19 21
33 26
12 14
28 3
34 1
26 12
21 16
16 1
44 17
39 41
14 23
21 7
5 11
42 24
9 31
24 46
50 43
20 41
35 29
15 32
9 50
25 38
19 10
19 23
30 31
45 8
29 32
38 4
3 24
26 4
22 33
37 40
17 48
41 24
42 44
28 37
50 5
49 41
25 2
31 45
24 47
4 21
48 13
9 20
46 7
3 43
8 19
41 42
11 3
19 37
1 7
21 2
14 31
24 25
5 8
7 40
14 28
32 36
6 7
30 39
22 12
42 49
47 25
4 32
5 27
40 5
49 11
35 27
21 48
33 49
24 10
30 36
12 37
43 23
12 10
44 32
7 29
12 4
24 16
5 19
18 6
6 17
28 41
24 50
2 34
38 35
10 13
32 20
44 18
23 41
31 40
32 12
2 14
2 31
16 25
44 34
10 32
